1 0.29642857142857143 0.3607142857142857 0.14642857142857144 0.10714285714285714
1 0.21607142857142858 0.45357142857142857 0.05 0.0625
1 0.2982142857142857 0.49107142857142855 0.1 0.0875
1 0.55 0.4732142857142857 0.13035714285714287 0.10714285714285714
1 0.7517857142857143 0.32857142857142857 0.1392857142857143 0.07142857142857142
1 0.7660714285714286 0.44642857142857145 0.18392857142857144 0.10535714285714286
1 0.7107142857142857 0.5303571428571429 0.14642857142857144 0.11964285714285715
1 0.6339285714285714 0.5964285714285714 0.11071428571428571 0.1375
1 0.5589285714285714 0.6785714285714286 0.12857142857142856 0.16071428571428573
1 0.4517857142857143 0.7125 0.07142857142857142 0.175
1 0.2357142857142857 0.5982142857142857 0.10535714285714286 0.07857142857142857
1 0.4660714285714286 0.3982142857142857 0.08392857142857142 0.04642857142857143