1 0.23214285714285715 0.2625 0.08214285714285714 0.0625
1 0.16428571428571428 0.4142857142857143 0.125 0.09821428571428571
1 0.2571428571428571 0.4642857142857143 0.03214285714285714 0.048214285714285716
1 0.30714285714285716 0.49107142857142855 0.055357142857142855 0.08571428571428572
1 0.2375 0.5696428571428571 0.05178571428571429 0.08571428571428572
1 0.3053571428571429 0.5553571428571429 0.06428571428571428 0.048214285714285716
1 0.3267857142857143 0.6089285714285714 0.030357142857142857 0.05357142857142857
1 0.40535714285714286 0.6375 0.05714285714285714 0.05714285714285714
1 0.44285714285714284 0.5053571428571428 0.07142857142857142 0.10357142857142858
1 0.4642857142857143 0.41964285714285715 0.06964285714285715 0.06607142857142857
1 0.3875 0.3410714285714286 0.044642857142857144 0.03214285714285714
1 0.3964285714285714 0.28035714285714286 0.05892857142857143 0.03214285714285714
1 0.36964285714285716 0.3875 0.048214285714285716 0.04642857142857143
1 0.575 0.34285714285714286 0.07142857142857142 0.05
1 0.6964285714285714 0.2714285714285714 0.03571428571428571 0.05178571428571429
1 0.7535714285714286 0.30357142857142855 0.07321428571428572 0.08214285714285714
1 0.6946428571428571 0.35 0.075 0.09285714285714286
1 0.6053571428571428 0.4517857142857143 0.09821428571428571 0.04642857142857143
1 0.7410714285714286 0.19285714285714287 0.033928571428571426 0.033928571428571426
1 0.19285714285714287 0.5375 0.039285714285714285 0.07857142857142857