1 0.65 0.625 0.08392857142857142 0.075
1 0.19285714285714287 0.6392857142857142 0.06428571428571428 0.06785714285714285
1 0.5785714285714286 0.6821428571428572 0.060714285714285714 0.05714285714285714
1 0.5482142857142858 0.6339285714285714 0.03571428571428571 0.04642857142857143
1 0.6035714285714285 0.5428571428571428 0.075 0.055357142857142855
1 0.2625 0.7285714285714285 0.075 0.05714285714285714
1 0.22321428571428573 0.6821428571428572 0.09464285714285714 0.07142857142857142
1 0.3107142857142857 0.7803571428571429 0.09285714285714286 0.05892857142857143
1 0.48392857142857143 0.8339285714285715 0.11607142857142858 0.11428571428571428
1 0.6714285714285714 0.7107142857142857 0.05892857142857143 0.06785714285714285
1 0.6464285714285715 0.7785714285714286 0.075 0.06607142857142857
1 0.5589285714285714 0.8410714285714286 0.060714285714285714 0.11785714285714285