1 0.05357142857142857 0.32321428571428573 0.1 0.06428571428571428
1 0.34285714285714286 0.4732142857142857 0.10892857142857143 0.06607142857142857
1 0.5446428571428571 0.49464285714285716 0.14642857142857144 0.06964285714285715
1 0.31785714285714284 0.5446428571428571 0.125 0.08392857142857142
1 0.6446428571428572 0.41785714285714287 0.17857142857142858 0.09821428571428571
1 0.1392857142857143 0.5214285714285715 0.07857142857142857 0.10178571428571428
1 0.275 0.6803571428571429 0.10357142857142858 0.07142857142857142
1 0.05892857142857143 0.6160714285714286 0.1 0.0875
1 0.7160714285714286 0.35 0.09285714285714286 0.07857142857142857
1 0.6357142857142857 0.3482142857142857 0.075 0.0625
1 0.26071428571428573 0.35892857142857143 0.09821428571428571 0.05178571428571429
1 0.25357142857142856 0.4035714285714286 0.07321428571428572 0.0375
1 0.5017857142857143 0.3892857142857143 0.11071428571428571 0.06607142857142857
1 0.075 0.5160714285714286 0.055357142857142855 0.07142857142857142
1 0.14464285714285716 0.5946428571428571 0.075 0.060714285714285714
1 0.15178571428571427 0.6410714285714286 0.048214285714285716 0.060714285714285714