1 0.2839285714285714 0.1767857142857143 0.225 0.14821428571428572
1 0.18035714285714285 0.2767857142857143 0.09642857142857143 0.08928571428571429
1 0.2875 0.31607142857142856 0.12142857142857143 0.13035714285714287
1 0.5714285714285714 0.29285714285714287 0.1732142857142857 0.11428571428571428
1 0.2017857142857143 0.44107142857142856 0.12678571428571428 0.08571428571428572
1 0.4625 0.5767857142857142 0.13214285714285715 0.15357142857142858
1 0.5857142857142857 0.5303571428571429 0.16607142857142856 0.16607142857142856
1 0.6714285714285714 0.4517857142857143 0.14821428571428572 0.16428571428571428
1 0.7660714285714286 0.3767857142857143 0.18392857142857144 0.13392857142857142
1 0.8375 0.29464285714285715 0.24464285714285713 0.16607142857142856
1 0.8285714285714286 0.15892857142857142 0.19464285714285715 0.10178571428571428
1 0.4767857142857143 0.24642857142857144 0.12142857142857143 0.07142857142857142
1 0.31785714285714284 0.49642857142857144 0.05357142857142857 0.075
1 0.35535714285714287 0.6107142857142858 0.048214285714285716 0.09107142857142857