1 0.2785714285714286 0.3125 0.05714285714285714 0.060714285714285714
1 0.225 0.5321428571428571 0.06964285714285715 0.10892857142857143
1 0.4357142857142857 0.37142857142857144 0.044642857142857144 0.039285714285714285
1 0.4375 0.42142857142857143 0.06607142857142857 0.02142857142857143
1 0.3107142857142857 0.5910714285714286 0.05 0.08035714285714286
1 0.34285714285714286 0.5803571428571429 0.0625 0.12142857142857143
1 0.2571428571428571 0.6803571428571429 0.04285714285714286 0.048214285714285716
1 0.29285714285714287 0.7017857142857142 0.055357142857142855 0.0875
1 0.35535714285714287 0.6839285714285714 0.039285714285714285 0.05714285714285714
1 0.3732142857142857 0.7446428571428572 0.039285714285714285 0.06607142857142857
1 0.42857142857142855 0.7964285714285714 0.055357142857142855 0.10892857142857143
1 0.4767857142857143 0.6035714285714285 0.05178571428571429 0.09107142857142857
1 0.5017857142857143 0.5267857142857143 0.075 0.060714285714285714
1 0.6071428571428571 0.4107142857142857 0.05178571428571429 0.07142857142857142
1 0.7017857142857142 0.4392857142857143 0.1 0.09107142857142857
1 0.6303571428571428 0.5625 0.06964285714285715 0.055357142857142855
1 0.7678571428571429 0.35535714285714287 0.08392857142857142 0.09107142857142857
1 0.7053571428571429 0.34285714285714286 0.04107142857142857 0.055357142857142855