1 0.46785714285714286 0.4017857142857143 0.09107142857142857 0.060714285714285714
1 0.5125 0.45714285714285713 0.048214285714285716 0.044642857142857144
1 0.4357142857142857 0.4875 0.04285714285714286 0.05357142857142857
1 0.525 0.5267857142857143 0.03571428571428571 0.0375
1 0.48214285714285715 0.6232142857142857 0.06607142857142857 0.05892857142857143
1 0.26785714285714285 0.6964285714285714 0.06785714285714285 0.07678571428571429
1 0.42857142857142855 0.6035714285714285 0.060714285714285714 0.044642857142857144
1 0.12857142857142856 0.6535714285714286 0.04642857142857143 0.05892857142857143
1 0.2017857142857143 0.6839285714285714 0.03571428571428571 0.05178571428571429
1 0.175 0.6625 0.05714285714285714 0.0875
1 0.4017857142857143 0.675 0.048214285714285716 0.05892857142857143