1 0.3375 0.3535714285714286 0.08392857142857142 0.08928571428571429
1 0.2714285714285714 0.5160714285714286 0.11785714285714285 0.11964285714285715
1 0.5803571428571429 0.5142857142857142 0.09821428571428571 0.08214285714285714
1 0.5607142857142857 0.6017857142857143 0.08035714285714286 0.09642857142857143
1 0.725 0.55 0.10714285714285714 0.10892857142857143
1 0.5160714285714286 0.7339285714285714 0.075 0.10714285714285714
1 0.3482142857142857 0.675 0.075 0.1125
1 0.41785714285714287 0.5803571428571429 0.06607142857142857 0.08214285714285714
1 0.3535714285714286 0.5642857142857143 0.05178571428571429 0.08392857142857142
1 0.4160714285714286 0.6482142857142857 0.044642857142857144 0.055357142857142855
1 0.42142857142857143 0.7035714285714286 0.05178571428571429 0.044642857142857144
1 0.2839285714285714 0.6428571428571429 0.048214285714285716 0.07142857142857142
1 0.49107142857142855 0.44285714285714284 0.05714285714285714 0.05178571428571429
1 0.475 0.4928571428571429 0.055357142857142855 0.05178571428571429
1 0.6875 0.425 0.09107142857142857 0.08392857142857142
1 0.8035714285714286 0.44642857142857145 0.14821428571428572 0.08214285714285714
1 0.8607142857142858 0.38035714285714284 0.07142857142857142 0.08928571428571429
1 0.7964285714285714 0.37857142857142856 0.055357142857142855 0.0625
1 0.5017857142857143 0.3875 0.06607142857142857 0.0625