1 0.22857142857142856 0.5285714285714286 0.1125 0.08214285714285714
1 0.14464285714285716 0.6660714285714285 0.16071428571428573 0.11964285714285715
1 0.5428571428571428 0.6625 0.11607142857142858 0.08035714285714286
1 0.7303571428571428 0.6928571428571428 0.13392857142857142 0.1
1 0.5071428571428571 0.7339285714285714 0.12857142857142856 0.07857142857142857
1 0.3196428571428571 0.7214285714285714 0.11071428571428571 0.075
1 0.2125 0.8035714285714286 0.14464285714285716 0.08928571428571429
1 0.24285714285714285 0.7107142857142857 0.060714285714285714 0.07321428571428572
1 0.6928571428571428 0.5892857142857143 0.13035714285714287 0.06964285714285715
1 0.4357142857142857 0.6017857142857143 0.08035714285714286 0.033928571428571426
1 0.44642857142857145 0.55 0.09107142857142857 0.060714285714285714
1 0.4107142857142857 0.6482142857142857 0.06607142857142857 0.039285714285714285
1 0.8535714285714285 0.6107142857142858 0.17857142857142858 0.07321428571428572
1 0.9196428571428571 0.5535714285714286 0.1 0.075
1 0.8428571428571429 0.5482142857142858 0.06607142857142857 0.05178571428571429
1 0.45535714285714285 0.8517857142857143 0.11964285714285715 0.08928571428571429
1 0.3339285714285714 0.8321428571428572 0.05714285714285714 0.05178571428571429
1 0.33214285714285713 0.775 0.06964285714285715 0.05714285714285714