1 0.26071428571428573 0.4035714285714286 0.13392857142857142 0.06964285714285715
1 0.16964285714285715 0.3267857142857143 0.06607142857142857 0.03571428571428571
1 0.17857142857142858 0.26785714285714285 0.05714285714285714 0.07142857142857142
1 0.05714285714285714 0.475 0.10178571428571428 0.09285714285714286
1 0.07321428571428572 0.5553571428571429 0.06607142857142857 0.060714285714285714
1 0.0625 0.6285714285714286 0.04642857142857143 0.04107142857142857
1 0.2392857142857143 0.5017857142857143 0.09821428571428571 0.125
1 0.45 0.45714285714285713 0.14642857142857144 0.08214285714285714
1 0.5571428571428572 0.3464285714285714 0.17142857142857143 0.11071428571428571
1 0.5428571428571428 0.26607142857142857 0.07142857142857142 0.060714285714285714
1 0.6267857142857143 0.25892857142857145 0.11785714285714285 0.10892857142857143
1 0.6232142857142857 0.17142857142857143 0.04285714285714286 0.044642857142857144
1 0.4125 0.3196428571428571 0.09464285714285714 0.04642857142857143
1 0.1982142857142857 0.6625 0.10357142857142858 0.07321428571428572