1 0.3607142857142857 0.1625 0.17142857142857143 0.19285714285714287
1 0.2892857142857143 0.275 0.07857142857142857 0.0875
1 0.35892857142857143 0.32142857142857145 0.12678571428571428 0.10892857142857143
1 0.5714285714285714 0.30357142857142855 0.125 0.14642857142857144
1 0.49642857142857144 0.22678571428571428 0.075 0.0875
1 0.7482142857142857 0.13214285714285715 0.13392857142857142 0.09642857142857143
1 0.8142857142857143 0.20535714285714285 0.11071428571428571 0.10178571428571428
1 0.7589285714285714 0.30357142857142855 0.18214285714285713 0.16607142857142856
1 0.6946428571428571 0.3625 0.14642857142857144 0.11607142857142858
1 0.6392857142857142 0.4446428571428571 0.13214285714285715 0.1767857142857143
1 0.5892857142857143 0.5446428571428571 0.12142857142857143 0.16964285714285715
1 0.48928571428571427 0.5910714285714286 0.09821428571428571 0.19285714285714287
1 0.3142857142857143 0.4375 0.08214285714285714 0.10357142857142858