1 0.5107142857142857 0.26785714285714285 0.22142857142857142 0.15
1 0.4035714285714286 0.35892857142857143 0.10535714285714286 0.08392857142857142
1 0.49464285714285716 0.4125 0.17142857142857143 0.10535714285714286
1 0.7982142857142858 0.39285714285714285 0.1767857142857143 0.13035714285714287
1 0.6928571428571428 0.31785714285714284 0.11607142857142858 0.09464285714285714
1 0.43392857142857144 0.5232142857142857 0.11785714285714285 0.08928571428571429
1 0.6803571428571429 0.6642857142857143 0.1 0.17857142857142858
1 0.8178571428571428 0.6160714285714286 0.16964285714285715 0.16607142857142856
1 0.8928571428571429 0.5339285714285714 0.18214285714285713 0.17142857142857143
1 0.9464285714285714 0.4446428571428571 0.10714285714285714 0.11785714285714285
1 0.9660714285714286 0.3535714285714286 0.06785714285714285 0.09821428571428571
1 0.9803571428571428 0.2392857142857143 0.0375 0.11785714285714285
1 0.5803571428571429 0.6767857142857143 0.05357142857142857 0.09821428571428571
1 0.5464285714285714 0.5892857142857143 0.06964285714285715 0.11071428571428571