1 0.3107142857142857 0.6803571428571429 0.13214285714285715 0.11607142857142858
1 0.7089285714285715 0.6767857142857143 0.125 0.08214285714285714
1 0.6839285714285714 0.7732142857142857 0.10714285714285714 0.13392857142857142
1 0.3964285714285714 0.5035714285714286 0.10714285714285714 0.0875
1 0.6107142857142858 0.5928571428571429 0.0875 0.05357142857142857
1 0.8571428571428571 0.5821428571428572 0.10535714285714286 0.07857142857142857
1 0.9017857142857143 0.7071428571428572 0.14285714285714285 0.10892857142857143
1 0.9625 0.6035714285714285 0.075 0.11964285714285715
1 0.4928571428571429 0.7482142857142857 0.07321428571428572 0.11785714285714285
1 0.42142857142857143 0.7232142857142857 0.05714285714285714 0.075
1 0.37857142857142856 0.8428571428571429 0.14464285714285716 0.10535714285714286
1 0.6285714285714286 0.9178571428571428 0.11785714285714285 0.09821428571428571
1 0.5 0.8178571428571428 0.06785714285714285 0.05892857142857143