1 0.2767857142857143 0.2910714285714286 0.13214285714285715 0.05714285714285714
1 0.15714285714285714 0.3392857142857143 0.05178571428571429 0.02142857142857143
1 0.26071428571428573 0.38392857142857145 0.05178571428571429 0.06428571428571428
1 0.30714285714285716 0.45535714285714285 0.06785714285714285 0.07678571428571429
1 0.3892857142857143 0.5142857142857142 0.05 0.048214285714285716
1 0.45535714285714285 0.5285714285714286 0.05892857142857143 0.048214285714285716
1 0.7267857142857143 0.4642857142857143 0.04285714285714286 0.02142857142857143
1 0.6160714285714286 0.5964285714285714 0.1392857142857143 0.05357142857142857
1 0.7535714285714286 0.36607142857142855 0.09642857142857143 0.033928571428571426
1 0.7928571428571428 0.4232142857142857 0.10714285714285714 0.048214285714285716
1 0.8267857142857142 0.49464285714285716 0.05357142857142857 0.030357142857142857
1 0.7107142857142857 0.5642857142857143 0.05357142857142857 0.04642857142857143
1 0.7892857142857143 0.55 0.060714285714285714 0.026785714285714284