1 0.41785714285714287 0.16785714285714284 0.14285714285714285 0.08928571428571429
1 0.34285714285714286 0.2375 0.055357142857142855 0.06785714285714285
1 0.4089285714285714 0.2839285714285714 0.09107142857142857 0.08214285714285714
1 0.5785714285714286 0.20892857142857144 0.06964285714285715 0.04642857142857143
1 0.6553571428571429 0.26785714285714285 0.1357142857142857 0.09285714285714286
1 0.3625 0.38571428571428573 0.07321428571428572 0.07142857142857142
1 0.5517857142857143 0.5125 0.08928571428571429 0.11607142857142858
1 0.6625 0.46785714285714286 0.075 0.1125
1 0.7303571428571428 0.3964285714285714 0.11785714285714285 0.13035714285714287
1 0.8053571428571429 0.31785714285714284 0.1392857142857143 0.08392857142857142
1 0.8696428571428572 0.25535714285714284 0.14285714285714285 0.08571428571428572
0 0.8732142857142857 0.125 0.1392857142857143 0.05178571428571429
0 0.9375 0.2 0.1125 0.07857142857142857