1 0.10357142857142858 0.38035714285714284 0.08928571428571429 0.09642857142857143
1 0.04642857142857143 0.5892857142857143 0.09285714285714286 0.1357142857142857
1 0.3482142857142857 0.5714285714285714 0.09642857142857143 0.08392857142857142
1 0.3339285714285714 0.6696428571428571 0.0875 0.1125
1 0.5035714285714286 0.6142857142857143 0.10714285714285714 0.09642857142857143
1 0.2642857142857143 0.48392857142857143 0.08035714285714286 0.044642857142857144
1 0.275 0.41785714285714287 0.06964285714285715 0.05357142857142857
1 0.5946428571428571 0.48928571428571427 0.14464285714285716 0.10178571428571428
1 0.6482142857142857 0.4107142857142857 0.08035714285714286 0.1125
1 0.5857142857142857 0.4089285714285714 0.060714285714285714 0.08392857142857142
1 0.4660714285714286 0.4714285714285714 0.09821428571428571 0.09821428571428571
1 0.09107142857142857 0.7464285714285714 0.14642857142857144 0.14642857142857144
1 0.1732142857142857 0.6571428571428571 0.075 0.1125
1 0.125 0.6375 0.06607142857142857 0.08928571428571429
1 0.17857142857142858 0.7375 0.055357142857142855 0.06964285714285715
1 0.2839285714285714 0.8375 0.08928571428571429 0.10892857142857143