1 0.30357142857142855 0.3535714285714286 0.06607142857142857 0.04285714285714286
1 0.039285714285714285 0.2017857142857143 0.075 0.0625
1 0.22678571428571428 0.21964285714285714 0.05714285714285714 0.0375
1 0.21071428571428572 0.275 0.04107142857142857 0.0375
1 0.19285714285714287 0.3392857142857143 0.02142857142857143 0.05
1 0.055357142857142855 0.4107142857142857 0.05178571428571429 0.05892857142857143
1 0.10714285714285714 0.4232142857142857 0.05178571428571429 0.07321428571428572
1 0.044642857142857144 0.5089285714285714 0.06607142857142857 0.07857142857142857
1 0.11785714285714285 0.49642857142857144 0.03571428571428571 0.039285714285714285
1 0.12857142857142856 0.5571428571428572 0.048214285714285716 0.055357142857142855
1 0.2732142857142857 0.44107142857142856 0.06785714285714285 0.0875
1 0.2375 0.5785714285714286 0.07857142857142857 0.07678571428571429
1 0.4589285714285714 0.39285714285714285 0.08035714285714286 0.05714285714285714
1 0.42857142857142855 0.26607142857142857 0.06785714285714285 0.05357142857142857
1 0.5696428571428571 0.28035714285714286 0.11428571428571428 0.07678571428571429
1 0.5535714285714286 0.22321428571428573 0.05178571428571429 0.039285714285714285
1 0.6196428571428572 0.21964285714285714 0.06964285714285715 0.06428571428571428
1 0.6285714285714286 0.12321428571428572 0.055357142857142855 0.0375
1 0.6142857142857143 0.15892857142857142 0.05357142857142857 0.026785714285714284