1 0.46785714285714286 0.2517857142857143 0.125 0.125
1 0.25357142857142856 0.14285714285714285 0.15714285714285714 0.12857142857142856
1 0.2571428571428571 0.26964285714285713 0.10892857142857143 0.09464285714285714
1 0.2 0.2392857142857143 0.09642857142857143 0.07321428571428572
1 0.6696428571428571 0.24285714285714285 0.18214285714285713 0.14642857142857144
1 0.725 0.18035714285714285 0.13214285714285715 0.07678571428571429
1 0.6642857142857143 0.10892857142857143 0.16071428571428573 0.09107142857142857
1 0.6053571428571428 0.29642857142857143 0.1357142857142857 0.11071428571428571
1 0.5464285714285714 0.375 0.1392857142857143 0.16607142857142856
1 0.49107142857142855 0.4607142857142857 0.12142857142857143 0.1392857142857143
1 0.38571428571428573 0.4928571428571429 0.08928571428571429 0.15178571428571427
1 0.20714285714285716 0.3821428571428571 0.10357142857142858 0.09464285714285714