1 0.23392857142857143 0.3678571428571429 0.1 0.10535714285714286
1 0.30178571428571427 0.22678571428571428 0.08928571428571429 0.08035714285714286
1 0.2892857142857143 0.5017857142857143 0.10357142857142858 0.09821428571428571
1 0.38571428571428573 0.48214285714285715 0.05892857142857143 0.044642857142857144
1 0.31785714285714284 0.4 0.04642857142857143 0.07678571428571429
1 0.3732142857142857 0.4160714285714286 0.06607142857142857 0.09642857142857143
1 0.5392857142857143 0.36428571428571427 0.09464285714285714 0.08035714285714286
1 0.5178571428571429 0.4392857142857143 0.08571428571428572 0.10357142857142858
1 0.6803571428571429 0.39285714285714285 0.10357142857142858 0.08928571428571429
1 0.4732142857142857 0.5553571428571429 0.08392857142857142 0.09107142857142857
1 0.7660714285714286 0.3053571428571429 0.13392857142857142 0.08392857142857142
1 0.7625 0.24464285714285713 0.048214285714285716 0.06428571428571428
1 0.8178571428571428 0.25 0.09107142857142857 0.08928571428571429
1 0.46964285714285714 0.25535714285714284 0.09107142857142857 0.04642857142857143
1 0.4625 0.29642857142857143 0.06964285714285715 0.0375
1 0.6517857142857143 0.2875 0.09285714285714286 0.06607142857142857