1 0.18928571428571428 0.3 0.08928571428571429 0.075
1 0.11607142857142858 0.4982142857142857 0.09107142857142857 0.14464285714285716
1 0.26071428571428573 0.5642857142857143 0.13035714285714287 0.10892857142857143
1 0.1875 0.6714285714285714 0.09107142857142857 0.13392857142857142
1 0.28214285714285714 0.6589285714285714 0.060714285714285714 0.08928571428571429
1 0.35 0.7482142857142857 0.15535714285714286 0.12321428571428572
1 0.44107142857142856 0.5946428571428571 0.06964285714285715 0.10357142857142858
1 0.375 0.4 0.07142857142857142 0.026785714285714284
1 0.3892857142857143 0.3410714285714286 0.075 0.04107142857142857
1 0.3464285714285714 0.4625 0.033928571428571426 0.06428571428571428
1 0.4625 0.4785714285714286 0.08928571428571429 0.08214285714285714
1 0.5803571428571429 0.38571428571428573 0.05 0.05892857142857143
1 0.6267857142857143 0.525 0.09107142857142857 0.075
1 0.7267857142857143 0.4125 0.125 0.09642857142857143
1 0.7142857142857143 0.3375 0.03214285714285714 0.05
1 0.7767857142857143 0.3357142857142857 0.07321428571428572 0.0875