1 0.525 0.21964285714285714 0.16785714285714284 0.12321428571428572
1 0.4392857142857143 0.32321428571428573 0.044642857142857144 0.07678571428571429
1 0.5321428571428571 0.375 0.09107142857142857 0.09821428571428571
1 0.7910714285714285 0.36428571428571427 0.14107142857142857 0.1
1 0.7 0.26964285714285713 0.055357142857142855 0.06428571428571428
1 0.9714285714285714 0.18214285714285713 0.05714285714285714 0.09464285714285714
1 0.9678571428571429 0.32857142857142857 0.0625 0.09821428571428571
1 0.9214285714285714 0.4232142857142857 0.08928571428571429 0.10892857142857143
1 0.8607142857142858 0.5107142857142857 0.10357142857142858 0.12857142857142856
1 0.8 0.6285714285714286 0.09642857142857143 0.1375
1 0.6946428571428571 0.6928571428571428 0.08571428571428572 0.16428571428571428
1 0.4714285714285714 0.5214285714285715 0.055357142857142855 0.04642857142857143
1 0.5857142857142857 0.5839285714285715 0.048214285714285716 0.04285714285714286