1 0.2571428571428571 0.2875 0.07142857142857142 0.08392857142857142
1 0.17857142857142858 0.42857142857142855 0.1 0.125
1 0.2392857142857143 0.5821428571428572 0.12678571428571428 0.09821428571428571
1 0.46785714285714286 0.5035714285714286 0.11071428571428571 0.0875
1 0.3267857142857143 0.49107142857142855 0.06607142857142857 0.08571428571428572
1 0.26785714285714285 0.46964285714285714 0.05892857142857143 0.07678571428571429
1 0.49107142857142855 0.42857142857142855 0.09821428571428571 0.06607142857142857
1 0.6428571428571429 0.45714285714285713 0.11964285714285715 0.09642857142857143
1 0.42857142857142855 0.6357142857142857 0.09285714285714286 0.08392857142857142
1 0.3339285714285714 0.5535714285714286 0.05357142857142857 0.05178571428571429
1 0.7339285714285714 0.36428571428571427 0.12857142857142856 0.09107142857142857
1 0.7892857142857143 0.3107142857142857 0.07678571428571429 0.08214285714285714
1 0.7267857142857143 0.3 0.06607142857142857 0.05357142857142857
1 0.6089285714285714 0.3517857142857143 0.0875 0.07321428571428572
1 0.41964285714285715 0.30714285714285716 0.05714285714285714 0.05
1 0.4142857142857143 0.35714285714285715 0.06785714285714285 0.033928571428571426