1 0.6107142857142858 0.26785714285714285 0.09821428571428571 0.06785714285714285
1 0.575 0.19464285714285715 0.07857142857142857 0.044642857142857144
1 0.525 0.2642857142857143 0.044642857142857144 0.044642857142857144
1 0.5607142857142857 0.30714285714285716 0.07678571428571429 0.060714285714285714
1 0.6321428571428571 0.3392857142857143 0.08214285714285714 0.05714285714285714
1 0.11428571428571428 0.16785714285714284 0.08035714285714286 0.07857142857142857
1 0.32142857142857145 0.38035714285714284 0.09464285714285714 0.05178571428571429
1 0.6107142857142858 0.3964285714285714 0.055357142857142855 0.039285714285714285
1 0.5714285714285714 0.35535714285714287 0.05178571428571429 0.02857142857142857
1 0.5321428571428571 0.4375 0.06785714285714285 0.07857142857142857
1 0.4642857142857143 0.4107142857142857 0.12321428571428572 0.09107142857142857
1 0.22321428571428573 0.26071428571428573 0.06785714285714285 0.05178571428571429
1 0.275 0.33214285714285713 0.09285714285714286 0.05357142857142857