1 0.09107142857142857 0.37857142857142856 0.10357142857142858 0.0375
1 0.30357142857142855 0.4017857142857143 0.10714285714285714 0.033928571428571426
1 0.2839285714285714 0.44821428571428573 0.07142857142857142 0.023214285714285715
1 0.039285714285714285 0.5535714285714286 0.060714285714285714 0.08928571428571429
1 0.15892857142857142 0.5732142857142857 0.12678571428571428 0.09107142857142857
1 0.08571428571428572 0.6714285714285714 0.10714285714285714 0.08928571428571429
1 0.2017857142857143 0.6625 0.08392857142857142 0.039285714285714285
1 0.19285714285714287 0.6946428571428571 0.05178571428571429 0.03571428571428571
1 0.29285714285714287 0.7267857142857143 0.07142857142857142 0.0625
1 0.3410714285714286 0.5964285714285714 0.07857142857142857 0.10714285714285714
1 0.36607142857142855 0.5107142857142857 0.08392857142857142 0.075
1 0.5053571428571428 0.44642857142857145 0.06428571428571428 0.04642857142857143
1 0.6392857142857142 0.3982142857142857 0.055357142857142855 0.044642857142857144
1 0.7142857142857143 0.40535714285714286 0.09464285714285714 0.075
1 0.6428571428571429 0.4589285714285714 0.10535714285714286 0.07678571428571429
1 0.5446428571428571 0.5625 0.08571428571428572 0.05178571428571429