1 0.3892857142857143 0.25892857142857145 0.08392857142857142 0.12321428571428572
1 0.1875 0.11428571428571428 0.1375 0.16964285714285715
1 0.125 0.22321428571428573 0.04285714285714286 0.06964285714285715
1 0.18035714285714285 0.2714285714285714 0.08571428571428572 0.1357142857142857
1 0.3142857142857143 0.15714285714285714 0.0625 0.11428571428571428
1 0.5535714285714286 0.060714285714285714 0.125 0.12142857142857143
1 0.6232142857142857 0.13392857142857142 0.08214285714285714 0.11607142857142858
1 0.5803571428571429 0.25535714285714284 0.1875 0.15535714285714286
1 0.5232142857142857 0.33214285714285713 0.14821428571428572 0.1
1 0.4607142857142857 0.4232142857142857 0.11607142857142858 0.1625
1 0.40714285714285714 0.5375 0.0875 0.16964285714285715
1 0.3053571428571429 0.6 0.07678571428571429 0.2017857142857143
1 0.23214285714285715 0.4875 0.039285714285714285 0.11071428571428571
1 0.1375 0.4232142857142857 0.075 0.08035714285714286
1 0.21964285714285714 0.6196428571428572 0.07142857142857142 0.10535714285714286