1 0.3392857142857143 0.375 0.19285714285714287 0.15178571428571427
1 0.275 0.4642857142857143 0.08571428571428572 0.0875
1 0.3339285714285714 0.5071428571428571 0.11071428571428571 0.13392857142857142
1 0.5571428571428572 0.5053571428571428 0.11071428571428571 0.13035714285714287
1 0.49107142857142855 0.41785714285714287 0.1 0.09285714285714286
1 0.7535714285714286 0.32321428571428573 0.175 0.12678571428571428
1 0.6303571428571428 0.3 0.1 0.09107142857142857
1 0.4767857142857143 0.7821428571428571 0.10178571428571428 0.18571428571428572
1 0.5892857142857143 0.725 0.12857142857142856 0.18392857142857144
1 0.625 0.6446428571428572 0.11071428571428571 0.1767857142857143
1 0.6928571428571428 0.5553571428571429 0.12678571428571428 0.12857142857142856
1 0.7553571428571428 0.49107142857142855 0.2 0.1625
1 0.8107142857142857 0.4035714285714286 0.10178571428571428 0.10178571428571428
1 0.3 0.6303571428571428 0.10535714285714286 0.09285714285714286
1 0.38035714285714284 0.6857142857142857 0.05714285714285714 0.09107142857142857