1 0.48035714285714287 0.14642857142857144 0.11071428571428571 0.1375
1 0.24285714285714285 0.0375 0.16071428571428573 0.05714285714285714
1 0.1767857142857143 0.1125 0.06607142857142857 0.07678571428571429
1 0.2375 0.15535714285714286 0.11071428571428571 0.12678571428571428
1 0.1875 0.3142857142857143 0.11785714285714285 0.11071428571428571
1 0.3982142857142857 0.48035714285714287 0.08035714285714286 0.15178571428571427
1 0.49464285714285716 0.43392857142857144 0.13035714285714287 0.19285714285714287
1 0.5625 0.33035714285714285 0.1125 0.18392857142857144
1 0.6285714285714286 0.21607142857142858 0.13392857142857142 0.1392857142857143
1 0.6732142857142858 0.13214285714285715 0.10892857142857143 0.2017857142857143
1 0.7535714285714286 0.04285714285714286 0.14464285714285716 0.08571428571428572
1 0.4035714285714286 0.060714285714285714 0.08035714285714286 0.08571428571428572
1 0.2875 0.37857142857142856 0.04107142857142857 0.07321428571428572
1 0.3125 0.5267857142857143 0.05 0.0875