1 0.4107142857142857 0.21071428571428572 0.09107142857142857 0.09107142857142857
1 0.3267857142857143 0.3875 0.13392857142857142 0.13392857142857142
1 0.4303571428571429 0.4392857142857143 0.05357142857142857 0.08392857142857142
1 0.4928571428571429 0.45357142857142857 0.08928571428571429 0.09107142857142857
1 0.6535714285714286 0.4785714285714286 0.08928571428571429 0.09642857142857143
1 0.6714285714285714 0.3821428571428571 0.10357142857142858 0.08928571428571429
1 0.8303571428571429 0.4160714285714286 0.13392857142857142 0.1
1 0.9303571428571429 0.31607142857142856 0.1392857142857143 0.10357142857142858
1 0.8125 0.2839285714285714 0.07857142857142857 0.06964285714285715
1 0.5928571428571429 0.24107142857142858 0.06428571428571428 0.055357142857142855
1 0.5803571428571429 0.30178571428571427 0.07857142857142857 0.030357142857142857
1 0.5535714285714286 0.35892857142857143 0.04642857142857143 0.04642857142857143
1 0.425 0.5517857142857143 0.06964285714285715 0.1
1 0.6017857142857143 0.6285714285714286 0.08214285714285714 0.10178571428571428
1 0.49642857142857144 0.5321428571428571 0.055357142857142855 0.060714285714285714
1 0.9214285714285714 0.2375 0.06607142857142857 0.075
1 0.9714285714285714 0.2392857142857143 0.05714285714285714 0.08392857142857142
1 0.4982142857142857 0.5875 0.048214285714285716 0.05178571428571429