1 0.28035714285714286 0.15 0.05 0.05
1 0.34285714285714286 0.05714285714285714 0.1375 0.11428571428571428
1 0.475 0.08035714285714286 0.075 0.09464285714285714
1 0.34464285714285714 0.1875 0.07678571428571429 0.09642857142857143
1 0.5535714285714286 0.1767857142857143 0.125 0.07321428571428572
1 0.7339285714285714 0.023214285714285715 0.09642857142857143 0.04642857142857143
1 0.7589285714285714 0.15535714285714286 0.175 0.13035714285714287
1 0.7214285714285714 0.2571428571428571 0.14821428571428572 0.14107142857142857
1 0.6375 0.30357142857142855 0.14107142857142857 0.10892857142857143
1 0.5642857142857143 0.40714285714285714 0.1125 0.17142857142857143
1 0.4785714285714286 0.45 0.06964285714285715 0.16785714285714284
1 0.3125 0.30714285714285716 0.08035714285714286 0.06785714285714285
1 0.39107142857142857 0.36607142857142855 0.055357142857142855 0.10714285714285714
1 0.7946428571428571 0.07857142857142857 0.10178571428571428 0.09821428571428571