1 0.19642857142857142 0.3625 0.1125 0.08928571428571429
1 0.11607142857142858 0.5071428571428571 0.13035714285714287 0.09821428571428571
1 0.18392857142857144 0.6464285714285715 0.14464285714285716 0.10714285714285714
1 0.2785714285714286 0.5660714285714286 0.06964285714285715 0.09642857142857143
1 0.21428571428571427 0.5517857142857143 0.06428571428571428 0.06607142857142857
1 0.4660714285714286 0.5053571428571428 0.10178571428571428 0.060714285714285714
1 0.45 0.5821428571428572 0.1 0.08035714285714286
1 0.6464285714285715 0.5375 0.12142857142857143 0.0875
1 0.3875 0.3892857142857143 0.08928571428571429 0.048214285714285716
1 0.38571428571428573 0.44107142857142856 0.09107142857142857 0.04642857142857143
1 0.7446428571428572 0.4375 0.14642857142857144 0.08928571428571429
1 0.6107142857142858 0.42678571428571427 0.1 0.05714285714285714
1 0.8053571428571429 0.38392857142857145 0.09642857142857143 0.08928571428571429
1 0.7303571428571428 0.38035714285714284 0.060714285714285714 0.06607142857142857
1 0.2875 0.6303571428571428 0.06428571428571428 0.05714285714285714
1 0.3821428571428571 0.7125 0.11071428571428571 0.08928571428571429