1 0.41785714285714287 0.25892857142857145 0.17857142857142858 0.1767857142857143
1 0.4125 0.3964285714285714 0.11607142857142858 0.10892857142857143
1 0.3517857142857143 0.35535714285714287 0.07678571428571429 0.075
1 0.5553571428571429 0.30892857142857144 0.07857142857142857 0.08392857142857142
1 0.6339285714285714 0.38571428571428573 0.12142857142857143 0.13392857142857142
1 0.3678571428571429 0.5125 0.08571428571428572 0.09464285714285714
1 0.8339285714285715 0.22142857142857142 0.17857142857142858 0.1125
1 0.8821428571428571 0.29642857142857143 0.11607142857142858 0.08928571428571429
1 0.8303571428571429 0.38035714285714284 0.18928571428571428 0.16428571428571428
1 0.7767857142857143 0.44107142857142856 0.14285714285714285 0.12857142857142856
1 0.7053571428571429 0.5303571428571429 0.12142857142857143 0.15714285714285714
1 0.6678571428571428 0.6142857142857143 0.1375 0.16964285714285715
1 0.5428571428571428 0.6571428571428571 0.11071428571428571 0.17142857142857143