1 0.6535714285714286 0.7267857142857143 0.11607142857142858 0.11964285714285715
1 0.4982142857142857 0.6946428571428571 0.10714285714285714 0.075
1 0.475 0.7857142857142857 0.09642857142857143 0.10714285714285714
1 0.25357142857142856 0.5303571428571429 0.09821428571428571 0.10357142857142858
1 0.18214285714285713 0.6982142857142857 0.11071428571428571 0.15178571428571427
1 0.24285714285714285 0.8607142857142858 0.1125 0.13214285714285715
1 0.3339285714285714 0.8464285714285714 0.05 0.05892857142857143
1 0.42857142857142855 0.5571428571428572 0.08392857142857142 0.0625
1 0.41785714285714287 0.6125 0.075 0.039285714285714285
1 0.6232142857142857 0.6107142857142858 0.09642857142857143 0.07857142857142857
1 0.7339285714285714 0.5482142857142858 0.05357142857142857 0.07142857142857142
1 0.7928571428571428 0.5535714285714286 0.08214285714285714 0.08928571428571429
1 0.7428571428571429 0.6196428571428572 0.1357142857142857 0.10357142857142858
1 0.3267857142857143 0.7660714285714286 0.075 0.0875
1 0.26964285714285713 0.7571428571428571 0.044642857142857144 0.10178571428571428
1 0.39107142857142857 0.6714285714285714 0.05714285714285714 0.05178571428571429
1 0.44285714285714284 0.9303571428571429 0.08928571428571429 0.1
1 0.3357142857142857 0.9017857142857143 0.04107142857142857 0.048214285714285716