1 0.5357142857142857 0.24642857142857144 0.08035714285714286 0.06428571428571428
1 0.18928571428571428 0.41785714285714287 0.0625 0.055357142857142855
1 0.32321428571428573 0.4589285714285714 0.07142857142857142 0.05892857142857143
1 0.4625 0.45714285714285713 0.06964285714285715 0.0625
1 0.5017857142857143 0.30892857142857144 0.06964285714285715 0.05357142857142857
1 0.5732142857142857 0.3 0.07321428571428572 0.055357142857142855
1 0.26071428571428573 0.45357142857142857 0.04285714285714286 0.05357142857142857
1 0.5875 0.3464285714285714 0.04107142857142857 0.060714285714285714
1 0.48214285714285715 0.41785714285714287 0.04107142857142857 0.04107142857142857
1 0.5410714285714285 0.44107142857142856 0.05178571428571429 0.0375
1 0.23392857142857143 0.41785714285714287 0.060714285714285714 0.04107142857142857