1 0.15 0.5 0.08928571428571429 0.08035714285714286
1 0.36607142857142855 0.5321428571428571 0.08214285714285714 0.05178571428571429
1 0.07678571428571429 0.6589285714285714 0.11964285714285715 0.10357142857142858
1 0.21785714285714286 0.7089285714285715 0.10535714285714286 0.10535714285714286
1 0.13392857142857142 0.7910714285714285 0.11964285714285715 0.10357142857142858
1 0.34285714285714286 0.8625 0.21607142857142858 0.10714285714285714
1 0.4357142857142857 0.7303571428571428 0.12142857142857143 0.08571428571428572
1 0.46785714285714286 0.6482142857142857 0.12321428571428572 0.07142857142857142
1 0.6321428571428571 0.5785714285714286 0.10714285714285714 0.05892857142857143
1 0.775 0.5767857142857142 0.14821428571428572 0.09107142857142857
1 0.6660714285714285 0.6839285714285714 0.13035714285714287 0.09821428571428571
1 0.775 0.5214285714285715 0.05357142857142857 0.06964285714285715
1 0.8625 0.5142857142857142 0.07678571428571429 0.1125
1 0.7714285714285715 0.425 0.16428571428571428 0.11785714285714285