1 0.13035714285714287 0.05714285714285714 0.21428571428571427 0.11428571428571428
1 0.04642857142857143 0.1375 0.06964285714285715 0.08214285714285714
1 0.11785714285714285 0.1982142857142857 0.09107142857142857 0.1375
1 0.3107142857142857 0.07857142857142857 0.07142857142857142 0.09642857142857143
1 0.4 0.17857142857142858 0.13035714285714287 0.12857142857142856
1 0.05714285714285714 0.34464285714285714 0.08928571428571429 0.08214285714285714
1 0.6125 0.03214285714285714 0.09821428571428571 0.0375
1 0.6589285714285714 0.15535714285714286 0.19285714285714287 0.14821428571428572
1 0.7392857142857143 0.075 0.1357142857142857 0.11785714285714285
1 0.5839285714285715 0.25 0.12857142857142856 0.16428571428571428
1 0.5160714285714286 0.34285714285714286 0.12857142857142856 0.1625
1 0.4125 0.4625 0.0875 0.21071428571428572
1 0.29285714285714287 0.5303571428571429 0.08928571428571429 0.20892857142857144
1 0.18035714285714285 0.4232142857142857 0.05178571428571429 0.09821428571428571
1 0.19107142857142856 0.5660714285714286 0.0375 0.07321428571428572