1 0.3535714285714286 0.2 0.16964285714285715 0.15892857142857142
1 0.09107142857142857 0.08035714285714286 0.17857142857142858 0.15
1 0.075 0.22142857142857142 0.14642857142857144 0.12142857142857143
1 0.019642857142857142 0.16964285714285715 0.0375 0.06785714285714285
1 0.26607142857142857 0.12321428571428572 0.125 0.09107142857142857
1 0.2392857142857143 0.48928571428571427 0.12321428571428572 0.17857142857142858
1 0.15714285714285714 0.5142857142857142 0.075 0.09107142857142857
1 0.38571428571428573 0.44642857142857145 0.18571428571428572 0.15357142857142858
1 0.45357142857142857 0.35535714285714287 0.18035714285714285 0.1625
1 0.5392857142857143 0.2732142857142857 0.22142857142857142 0.13214285714285715
1 0.6214285714285714 0.2 0.2357142857142857 0.16964285714285715
1 0.675 0.1125 0.16428571428571428 0.10357142857142858
1 0.6107142857142858 0.048214285714285716 0.2 0.09642857142857143
1 0.0375 0.3410714285714286 0.075 0.11428571428571428