1 0.45714285714285713 0.6553571428571429 0.04107142857142857 0.048214285714285716
1 0.43214285714285716 0.7053571428571429 0.03571428571428571 0.03214285714285714
1 0.49642857142857144 0.6785714285714286 0.05178571428571429 0.06785714285714285
1 0.5464285714285714 0.6910714285714286 0.06607142857142857 0.04285714285714286
1 0.6285714285714286 0.6946428571428571 0.07857142857142857 0.05892857142857143
1 0.7928571428571428 0.3892857142857143 0.060714285714285714 0.048214285714285716
1 0.875 0.4392857142857143 0.10892857142857143 0.060714285714285714
1 0.8267857142857142 0.5107142857142857 0.06428571428571428 0.04642857142857143
1 0.9303571428571429 0.5482142857142858 0.05178571428571429 0.05357142857142857
1 0.9178571428571428 0.48214285714285715 0.08214285714285714 0.06428571428571428
1 0.8142857142857143 0.6214285714285714 0.0625 0.048214285714285716
1 0.7928571428571428 0.675 0.08035714285714286 0.05357142857142857