1 0.7821428571428571 0.42678571428571427 0.08928571428571429 0.06428571428571428
1 0.8 0.49642857142857144 0.06428571428571428 0.060714285714285714
1 0.7232142857142857 0.46785714285714286 0.07678571428571429 0.044642857142857144
1 0.75 0.36607142857142855 0.075 0.04285714285714286
1 0.6875 0.42678571428571427 0.04642857142857143 0.04107142857142857
1 0.7303571428571428 0.4125 0.03571428571428571 0.039285714285714285
1 0.7803571428571429 0.5410714285714285 0.04642857142857143 0.05357142857142857
1 0.3678571428571429 0.4160714285714286 0.05892857142857143 0.05
1 0.475 0.5321428571428571 0.09642857142857143 0.04285714285714286
1 0.4232142857142857 0.48392857142857143 0.06964285714285715 0.05892857142857143
1 0.32321428571428573 0.4446428571428571 0.048214285714285716 0.055357142857142855
1 0.37857142857142856 0.45714285714285713 0.075 0.044642857142857144
1 0.6053571428571428 0.5910714285714286 0.07142857142857142 0.05892857142857143