1 0.29285714285714287 0.6839285714285714 0.1125 0.15357142857142858
1 0.3607142857142857 0.49642857142857144 0.11607142857142858 0.09642857142857143
1 0.6160714285714286 0.6821428571428572 0.13035714285714287 0.10892857142857143
1 0.7660714285714286 0.7303571428571428 0.11964285714285715 0.12678571428571428
1 0.5964285714285714 0.7839285714285714 0.09107142857142857 0.12142857142857143
1 0.4392857142857143 0.7660714285714286 0.07321428571428572 0.11785714285714285
1 0.3875 0.7482142857142857 0.044642857142857144 0.08214285714285714
1 0.7428571428571429 0.5839285714285715 0.07321428571428572 0.08214285714285714
1 0.5357142857142857 0.5339285714285714 0.06785714285714285 0.048214285714285716
1 0.5375 0.6 0.07321428571428572 0.0375
1 0.5107142857142857 0.6607142857142857 0.04642857142857143 0.044642857142857144
1 0.8517857142857143 0.5214285714285715 0.060714285714285714 0.08392857142857142
1 0.9142857142857143 0.5285714285714286 0.08214285714285714 0.09464285714285714
1 0.8607142857142858 0.6035714285714285 0.13035714285714287 0.09642857142857143
1 0.3535714285714286 0.8625 0.12678571428571428 0.15892857142857142
1 0.5142857142857142 0.9446428571428571 0.19285714285714287 0.11071428571428571
1 0.45357142857142857 0.8482142857142857 0.048214285714285716 0.048214285714285716