1 0.4607142857142857 0.21428571428571427 0.16428571428571428 0.13035714285714287
1 0.36428571428571427 0.29642857142857143 0.05714285714285714 0.08214285714285714
1 0.45 0.3607142857142857 0.0875 0.08392857142857142
1 0.7232142857142857 0.3410714285714286 0.08928571428571429 0.07678571428571429
1 0.40714285714285714 0.48392857142857143 0.06607142857142857 0.06428571428571428
1 0.5196428571428572 0.5410714285714285 0.06607142857142857 0.06785714285714285
1 0.6214285714285714 0.6303571428571428 0.07857142857142857 0.15892857142857142
1 0.7517857142857143 0.5892857142857143 0.14464285714285716 0.14642857142857144
1 0.8178571428571428 0.48035714285714287 0.07857142857142857 0.125
1 0.8821428571428571 0.3964285714285714 0.08214285714285714 0.10714285714285714
1 0.9517857142857142 0.3053571428571429 0.09464285714285714 0.12857142857142856
1 0.95 0.16785714285714284 0.1 0.08571428571428572
1 0.6357142857142857 0.26607142857142857 0.09642857142857143 0.07678571428571429