1 0.36607142857142855 0.43214285714285716 0.09642857142857143 0.075
1 0.3053571428571429 0.5910714285714286 0.08214285714285714 0.07142857142857142
1 0.4303571428571429 0.6285714285714286 0.09464285714285714 0.06428571428571428
1 0.36428571428571427 0.7178571428571429 0.09821428571428571 0.08214285714285714
1 0.6196428571428572 0.5803571428571429 0.09285714285714286 0.055357142857142855
1 0.6017857142857143 0.6464285714285715 0.05892857142857143 0.07678571428571429
1 0.5517857142857143 0.7678571428571429 0.06964285714285715 0.05178571428571429
1 0.7696428571428572 0.6035714285714285 0.075 0.0625
1 0.8625 0.5196428571428572 0.10357142857142858 0.075
1 0.85 0.45535714285714285 0.03214285714285714 0.075
1 0.9178571428571428 0.46785714285714286 0.0625 0.05714285714285714
1 0.7410714285714286 0.49642857142857144 0.11071428571428571 0.048214285714285716
1 0.5464285714285714 0.4660714285714286 0.048214285714285716 0.05178571428571429
1 0.5410714285714285 0.5053571428571428 0.03571428571428571 0.0625
1 0.5178571428571429 0.5517857142857143 0.044642857142857144 0.03571428571428571
1 0.9089285714285714 0.375 0.055357142857142855 0.03571428571428571