1 0.43392857142857144 0.37857142857142856 0.10178571428571428 0.06607142857142857
1 0.5821428571428572 0.4107142857142857 0.10892857142857143 0.09642857142857143
1 0.4089285714285714 0.45714285714285713 0.0875 0.09821428571428571
1 0.18571428571428572 0.23035714285714284 0.10178571428571428 0.09285714285714286
1 0.11607142857142858 0.38392857142857145 0.12321428571428572 0.12142857142857143
1 0.16964285714285715 0.5214285714285715 0.12857142857142856 0.12678571428571428
1 0.25535714285714284 0.44107142857142856 0.08392857142857142 0.07142857142857142
1 0.2017857142857143 0.42678571428571427 0.06607142857142857 0.08928571428571429
1 0.26607142857142857 0.5053571428571428 0.055357142857142855 0.048214285714285716
1 0.6696428571428571 0.32142857142857145 0.15535714285714286 0.08928571428571429
1 0.7303571428571428 0.25892857142857145 0.08035714285714286 0.10357142857142858
1 0.6696428571428571 0.24464285714285713 0.06607142857142857 0.055357142857142855
1 0.3517857142857143 0.25357142857142856 0.05357142857142857 0.05714285714285714
1 0.3464285714285714 0.30178571428571427 0.07321428571428572 0.04285714285714286
1 0.3357142857142857 0.5892857142857143 0.18928571428571428 0.09821428571428571
1 0.55 0.29642857142857143 0.08392857142857142 0.06607142857142857
1 0.32142857142857145 0.35714285714285715 0.05 0.04285714285714286