1 0.325 0.2732142857142857 0.14642857142857144 0.12142857142857143
1 0.25892857142857145 0.3607142857142857 0.06607142857142857 0.044642857142857144
1 0.32857142857142857 0.40535714285714286 0.09642857142857143 0.10714285714285714
1 0.4607142857142857 0.31785714285714284 0.08392857142857142 0.0875
1 0.5285714285714286 0.3875 0.11071428571428571 0.09464285714285714
1 0.7107142857142857 0.2517857142857143 0.1357142857142857 0.08571428571428572
1 0.5982142857142857 0.21964285714285714 0.08392857142857142 0.055357142857142855
1 0.7803571428571429 0.32142857142857145 0.11964285714285715 0.09285714285714286
1 0.7357142857142858 0.37142857142857144 0.18214285714285713 0.09107142857142857
1 0.6839285714285714 0.4517857142857143 0.1732142857142857 0.09821428571428571
1 0.6125 0.5125 0.15 0.1357142857142857
1 0.5464285714285714 0.5946428571428571 0.12321428571428572 0.17142857142857143
1 0.44642857142857145 0.6357142857142857 0.07321428571428572 0.18928571428571428
1 0.275 0.5196428571428572 0.05892857142857143 0.0625
1 0.36428571428571427 0.5607142857142857 0.044642857142857144 0.05