1 0.23392857142857143 0.28035714285714286 0.09107142857142857 0.09285714285714286
1 0.4625 0.4732142857142857 0.09285714285714286 0.09285714285714286
1 0.6035714285714285 0.5196428571428572 0.08214285714285714 0.10178571428571428
1 0.39107142857142857 0.3125 0.0625 0.05714285714285714
1 0.39107142857142857 0.3767857142857143 0.0625 0.0375
1 0.7357142857142858 0.30714285714285716 0.08035714285714286 0.09821428571428571
1 0.675 0.30357142857142855 0.04642857142857143 0.06428571428571428
1 0.6803571428571429 0.39285714285714285 0.125 0.1
1 0.5696428571428571 0.36964285714285716 0.05357142857142857 0.08214285714285714
1 0.4446428571428571 0.5767857142857142 0.08035714285714286 0.13035714285714287
1 0.17142857142857143 0.46964285714285714 0.11607142857142858 0.1625
1 0.30357142857142855 0.5571428571428572 0.0625 0.10357142857142858
1 0.25357142857142856 0.5285714285714286 0.04285714285714286 0.08928571428571429
1 0.225 0.6625 0.11071428571428571 0.12678571428571428
1 0.3125 0.6535714285714286 0.05178571428571429 0.075
1 0.4 0.7482142857142857 0.11071428571428571 0.09285714285714286