1 0.34464285714285714 0.3767857142857143 0.039285714285714285 0.060714285714285714
1 0.7553571428571428 0.4 0.07678571428571429 0.06428571428571428
1 0.7285714285714285 0.32857142857142857 0.06785714285714285 0.023214285714285715
1 0.6607142857142857 0.3964285714285714 0.02857142857142857 0.048214285714285716
1 0.7 0.44107142857142856 0.044642857142857144 0.04642857142857143
1 0.7642857142857142 0.46964285714285714 0.06428571428571428 0.06607142857142857
1 0.5982142857142857 0.5571428571428572 0.09285714285714286 0.033928571428571426
1 0.4660714285714286 0.5107142857142857 0.10535714285714286 0.03571428571428571
1 0.4125 0.44642857142857145 0.08035714285714286 0.11428571428571428
1 0.7446428571428572 0.5267857142857143 0.07321428571428572 0.04642857142857143
1 0.2642857142857143 0.30357142857142855 0.07321428571428572 0.06964285714285715
1 0.3410714285714286 0.45357142857142857 0.07678571428571429 0.06428571428571428