1 0.05178571428571429 0.3535714285714286 0.075 0.07321428571428572
1 0.3125 0.5035714285714286 0.10714285714285714 0.06607142857142857
1 0.4875 0.5446428571428571 0.10178571428571428 0.08392857142857142
1 0.2857142857142857 0.5928571428571429 0.10892857142857143 0.08392857142857142
1 0.24285714285714285 0.725 0.11785714285714285 0.09285714285714286
1 0.13035714285714287 0.575 0.06428571428571428 0.09642857142857143
1 0.05 0.6660714285714285 0.07857142857142857 0.10357142857142858
1 0.5821428571428572 0.4446428571428571 0.14285714285714285 0.09285714285714286
1 0.6428571428571429 0.38392857142857145 0.075 0.1125
1 0.5714285714285714 0.375 0.06428571428571428 0.07321428571428572
1 0.23392857142857143 0.38035714285714284 0.07142857142857142 0.060714285714285714
1 0.44821428571428573 0.42142857142857143 0.10892857142857143 0.0625
1 0.22857142857142856 0.4375 0.07321428571428572 0.044642857142857144