1 0.37142857142857144 0.49464285714285716 0.08571428571428572 0.07142857142857142
1 0.2 0.4642857142857143 0.05714285714285714 0.11071428571428571
1 0.29285714285714287 0.6482142857142857 0.055357142857142855 0.1
1 0.4089285714285714 0.6892857142857143 0.06964285714285715 0.075
1 0.3607142857142857 0.7714285714285715 0.05892857142857143 0.08035714285714286
1 0.4375 0.7446428571428572 0.055357142857142855 0.08035714285714286
1 0.5 0.8178571428571428 0.10892857142857143 0.07142857142857142
1 0.5642857142857143 0.7017857142857142 0.06964285714285715 0.06785714285714285
1 0.5928571428571429 0.625 0.09642857142857143 0.05357142857142857
1 0.5053571428571428 0.5732142857142857 0.044642857142857144 0.02857142857142857
1 0.5142857142857142 0.5214285714285715 0.05357142857142857 0.05714285714285714
1 0.6892857142857143 0.5535714285714286 0.06428571428571428 0.04107142857142857
1 0.8017857142857143 0.5142857142857142 0.02857142857142857 0.055357142857142855
1 0.85 0.5196428571428572 0.05714285714285714 0.05357142857142857
1 0.8 0.5678571428571428 0.1 0.06785714285714285
1 0.7178571428571429 0.6660714285714285 0.060714285714285714 0.07321428571428572
1 0.8517857142857143 0.4357142857142857 0.033928571428571426 0.03214285714285714