1 0.3875 0.5839285714285715 0.1125 0.07857142857142857
1 0.4303571428571429 0.6964285714285714 0.13035714285714287 0.0875
1 0.2357142857142857 0.6642857142857143 0.11071428571428571 0.07142857142857142
1 0.2125 0.7517857142857143 0.1 0.09821428571428571
1 0.033928571428571426 0.7285714285714285 0.06785714285714285 0.07857142857142857
1 0.0375 0.8035714285714286 0.07321428571428572 0.05714285714285714
1 0.14642857142857144 0.5428571428571428 0.09821428571428571 0.05357142857142857
1 0.1392857142857143 0.5982142857142857 0.10714285714285714 0.03571428571428571
1 0.5410714285714285 0.5982142857142857 0.18035714285714285 0.1
1 0.6107142857142858 0.5303571428571429 0.1 0.07142857142857142
1 0.5339285714285714 0.5321428571428571 0.06607142857142857 0.060714285714285714
1 0.15357142857142858 0.8892857142857142 0.10892857142857143 0.08928571428571429