1 0.05357142857142857 0.1 0.10535714285714286 0.08035714285714286
1 0.24821428571428572 0.1982142857142857 0.0625 0.023214285714285715
1 0.25357142857142856 0.12321428571428572 0.055357142857142855 0.05
1 0.12142857142857143 0.35892857142857143 0.11428571428571428 0.07678571428571429
1 0.055357142857142855 0.475 0.0625 0.10714285714285714
1 0.15 0.4446428571428571 0.06607142857142857 0.04285714285714286
1 0.15892857142857142 0.5071428571428571 0.0375 0.05178571428571429
1 0.24464285714285713 0.5392857142857143 0.08214285714285714 0.09285714285714286
1 0.3142857142857143 0.3732142857142857 0.07678571428571429 0.11607142857142858
1 0.34285714285714286 0.2785714285714286 0.08214285714285714 0.07321428571428572
1 0.48214285714285715 0.18571428571428572 0.0625 0.05357142857142857
1 0.6267857142857143 0.2 0.11785714285714285 0.06428571428571428
1 0.6232142857142857 0.13214285714285715 0.055357142857142855 0.044642857142857144
1 0.7053571428571429 0.13035714285714287 0.08214285714285714 0.0625
1 0.5178571428571429 0.33214285714285713 0.08928571428571429 0.055357142857142855
1 0.7 0.01607142857142857 0.06428571428571428 0.03214285714285714
1 0.6892857142857143 0.05714285714285714 0.05892857142857143 0.039285714285714285
1 0.20714285714285716 0.2625 0.03214285714285714 0.039285714285714285