1 0.5857142857142857 0.42857142857142855 0.1375 0.0875
1 0.6928571428571428 0.35 0.16607142857142856 0.10178571428571428
1 0.7660714285714286 0.28035714285714286 0.14107142857142857 0.07321428571428572
1 0.675 0.2857142857142857 0.06607142857142857 0.06428571428571428
1 0.5428571428571428 0.325 0.09642857142857143 0.07142857142857142
1 0.37857142857142856 0.475 0.08214285714285714 0.11071428571428571
1 0.4017857142857143 0.3982142857142857 0.10535714285714286 0.08035714285714286
1 0.05357142857142857 0.4017857142857143 0.10714285714285714 0.13392857142857142
1 0.12321428571428572 0.25535714285714284 0.08214285714285714 0.0875
1 0.2017857142857143 0.45714285714285713 0.06964285714285715 0.08928571428571429
1 0.14107142857142857 0.4446428571428571 0.06607142857142857 0.07321428571428572
1 0.10357142857142858 0.5303571428571429 0.16785714285714284 0.09642857142857143
1 0.21428571428571427 0.5107142857142857 0.06607142857142857 0.0375
1 0.2785714285714286 0.5982142857142857 0.21785714285714286 0.09821428571428571
1 0.325 0.2857142857142857 0.08571428571428572 0.05714285714285714
1 0.3107142857142857 0.3339285714285714 0.06964285714285715 0.039285714285714285
1 0.2857142857142857 0.38035714285714284 0.075 0.0375