1 0.32321428571428573 0.5125 0.13035714285714287 0.1
1 0.22321428571428573 0.6964285714285714 0.15892857142857142 0.13214285714285715
1 0.38035714285714284 0.7535714285714286 0.14107142857142857 0.08214285714285714
1 0.29642857142857143 0.8696428571428572 0.14642857142857144 0.11785714285714285
1 0.525 0.5946428571428571 0.07678571428571429 0.033928571428571426
1 0.5017857142857143 0.6535714285714286 0.05357142857142857 0.04285714285714286
1 0.5392857142857143 0.5375 0.0625 0.05357142857142857
1 0.7875 0.5982142857142857 0.09642857142857143 0.0625
1 0.6160714285714286 0.6875 0.09107142857142857 0.05357142857142857
1 0.6 0.7767857142857143 0.10178571428571428 0.08392857142857142
1 0.41785714285714287 0.8357142857142857 0.044642857142857144 0.05357142857142857
1 0.49642857142857144 0.9321428571428572 0.17857142857142858 0.10714285714285714
1 0.8178571428571428 0.7232142857142857 0.11071428571428571 0.08571428571428572
1 0.9357142857142857 0.6107142857142858 0.12142857142857143 0.08214285714285714
1 0.9339285714285714 0.5446428571428571 0.05892857142857143 0.06785714285714285
1 0.9821428571428571 0.5410714285714285 0.03571428571428571 0.10357142857142858