1 0.41964285714285715 0.5928571428571429 0.06964285714285715 0.05357142857142857
1 0.4928571428571429 0.6589285714285714 0.09107142857142857 0.055357142857142855
1 0.8946428571428572 0.6392857142857142 0.08392857142857142 0.055357142857142855
1 0.8517857142857143 0.6035714285714285 0.05357142857142857 0.05
1 0.9642857142857143 0.6 0.06964285714285715 0.06428571428571428
1 0.35892857142857143 0.6160714285714286 0.06607142857142857 0.048214285714285716
1 0.5803571428571429 0.7017857142857142 0.07321428571428572 0.05892857142857143
1 0.7446428571428572 0.7464285714285714 0.07321428571428572 0.05714285714285714
1 0.8053571428571429 0.7232142857142857 0.075 0.048214285714285716
1 0.9696428571428571 0.7178571428571429 0.060714285714285714 0.0625
1 0.975 0.6660714285714285 0.05 0.05357142857142857