1 0.5196428571428572 0.26071428571428573 0.15714285714285714 0.1625
1 0.4303571428571429 0.36607142857142855 0.07678571428571429 0.06607142857142857
1 0.5107142857142857 0.40535714285714286 0.09642857142857143 0.10892857142857143
1 0.45714285714285713 0.5285714285714286 0.06964285714285715 0.09107142857142857
1 0.7482142857142857 0.4035714285714286 0.10892857142857143 0.10535714285714286
1 0.6625 0.32142857142857145 0.060714285714285714 0.08214285714285714
1 0.9357142857142857 0.22857142857142856 0.12857142857142856 0.07321428571428572
1 0.9392857142857143 0.35714285714285715 0.11964285714285715 0.1
1 0.9125 0.4732142857142857 0.15357142857142858 0.11071428571428571
1 0.8464285714285714 0.55 0.1732142857142857 0.1357142857142857
1 0.75 0.6285714285714286 0.10892857142857143 0.15178571428571427
1 0.6732142857142858 0.6803571428571429 0.10178571428571428 0.20714285714285716
1 0.5571428571428572 0.6017857142857143 0.07857142857142857 0.07142857142857142
1 0.5714285714285714 0.7178571428571429 0.04642857142857143 0.09107142857142857
1 0.825 0.2 0.07857142857142857 0.05357142857142857